1 0.182 0.515375 0.178667 0.05225 0.166234
1 0.6715 0.568875 0.157667 0.04375 0.191643
1 0.7055 0.6505 0.115 0.111 0.30487
1 0.3695 0.875875 0.0796667 0.08675 0.362094
1 0.914167 0.632875 0.147 0.05225 0.373184
2 0.357167 0.31 0.0903333 0.127 0.440459
0 0.355333 0.309 0.0966667 0.1315 0.57778
1 0.853 0.545 0.07 0.0905 0.597759
1 0.596833 0.784125 0.0843333 0.06025 0.663208
2 0.851667 0.54525 0.074 0.089 0.671434
1 0.758167 0.4555 0.089 0.0815 0.723
1 0.527833 0.938625 0.0756667 0.11775 0.731182
1 0.463667 0.76225 0.133333 0.0445 0.771766
0 0.172833 0.375 0.160333 0.1175 0.905039
0 0.426333 0.442 0.142 0.1245 0.906241
1 0.289833 0.813875 0.108333 0.07225 0.967241
