0 0.5595 0.780167 0.126 0.129667 0.234362
1 0.560375 0.781833 0.13325 0.143 0.255365
1 0.26425 0.521 0.082 0.168667 0.339054
1 0.30975 0.688333 0.138 0.09 0.439739
0 0.48525 0.757333 0.1245 0.152 0.536022
1 0.768 0.309667 0.1025 0.082 0.623357
0 0.26425 0.5205 0.084 0.169667 0.631044
1 0.50725 0.265333 0.062 0.08 0.709155
0 0.405125 0.5645 0.05275 0.181667 0.781897
0 0.793 0.598333 0.062 0.145333 0.801074
1 0.69625 0.390167 0.0505 0.151 0.814856
1 0.339875 0.356667 0.11675 0.132 0.835411
1 0.609125 0.587833 0.11575 0.102333 0.870346
1 0.568 0.383333 0.0865 0.068 0.892233
0 0.742625 0.7705 0.09425 0.133667 0.895583
1 0.615625 0.170333 0.09525 0.115333 0.907215
0 0.43825 0.740667 0.098 0.170667 0.915007
