0 0.375 0.47175 0.160667 0.0815 0.294283
1 0.350833 0.66975 0.126333 0.0395 0.318418
0 0.139833 0.54375 0.163 0.0415 0.357745
1 0.378167 0.470875 0.163 0.08475 0.701177
0 0.194667 0.6665 0.105333 0.0975 0.767207
1 0.4725 0.856125 0.105667 0.11575 0.777528
1 0.764167 0.61875 0.0576667 0.083 0.793479
1 0.278667 0.77725 0.158 0.052 0.814796
0 0.14 0.386625 0.0793333 0.13275 0.851946
1 0.351 0.581875 0.132 0.06325 0.86524
1 0.521 0.3815 0.128 0.1105 0.866138
1 0.745333 0.791625 0.0766667 0.08975 0.8708
1 0.5535 0.2635 0.143 0.0825 0.880729
1 0.653 0.457375 0.178667 0.09525 0.900535
1 0.590333 0.595 0.0906667 0.066 0.919041
1 0.3015 0.298625 0.153 0.09475 0.92239
1 0.6015 0.75925 0.079 0.1155 0.934801
