1 0.650667 0.63475 0.171333 0.108 0.112002
1 0.6735 0.529875 0.197 0.08975 0.242161
2 0.453667 0.791625 0.0413333 0.09925 0.290694
0 0.437 0.941375 0.135333 0.06875 0.331555
1 0.311333 0.416875 0.142667 0.06725 0.376642
1 0.748667 0.384125 0.2 0.06925 0.468617
1 0.452 0.7915 0.0486667 0.1 0.519473
1 0.248 0.5935 0.136667 0.0435 0.536877
1 0.245667 0.790125 0.125333 0.07025 0.707503
1 0.881167 0.614125 0.109667 0.14425 0.745584
1 0.700667 0.503 0.172 0.077 0.76186
1 0.596667 0.605125 0.164667 0.11375 0.769649
1 0.436667 0.93725 0.14 0.063 0.852394
1 0.213 0.468375 0.157333 0.05625 0.86003
1 0.435 0.650375 0.092 0.11825 0.881003
1 0.7265 0.693625 0.157 0.10225 0.903121
0 0.152667 0.853125 0.111333 0.10375 0.919287
1 0.5115 0.415375 0.0776667 0.12575 0.929663
1 0.360833 0.5085 0.117667 0.0765 0.947846
1 0.330833 0.38975 0.112333 0.0585 0.976592
