0 0.3505 0.165333 0.1315 0.118667 0.141822
1 0.344625 0.1445 0.13175 0.0843333 0.152345
0 0.500625 0.285667 0.13925 0.124 0.176464
0 0.7595 0.459333 0.068 0.154667 0.263321
2 0.66375 0.774833 0.0715 0.149 0.265568
1 0.480625 0.279333 0.14025 0.116 0.278331
1 0.361375 0.888167 0.06875 0.0956667 0.280061
1 0.758 0.456 0.0655 0.145333 0.318084
0 0.664375 0.776667 0.07075 0.142667 0.365367
1 0.818625 0.7205 0.11625 0.0596667 0.378678
1 0.849625 0.550667 0.06525 0.182 0.428662
1 0.676125 0.627 0.10725 0.0866667 0.598564
1 0.379375 0.726167 0.09975 0.0803333 0.598719
1 0.389375 0.566333 0.07725 0.104 0.631872
0 0.55625 0.126833 0.1215 0.161667 0.682267
1 0.461375 0.74 0.08825 0.0986667 0.802366
0 0.512125 0.112667 0.11525 0.152 0.818505
0 0.562625 0.412667 0.11975 0.155333 0.875829
1 0.30475 0.649333 0.0715 0.124667 0.890418
0 0.371875 0.346 0.08625 0.174 0.904208
0 0.634125 0.145333 0.07525 0.188 0.914185
