1 0.399667 0.781125 0.176 0.08575 0.119339
1 0.303667 0.931 0.183333 0.0575 0.119538
1 0.3005 0.873 0.160333 0.0715 0.121784
0 0.308167 0.92875 0.173 0.061 0.130972
0 0.523833 0.964875 0.141 0.05525 0.154714
1 0.47 0.640875 0.142 0.07625 0.292375
0 0.6955 0.8115 0.118333 0.137 0.326706
1 0.86 0.56 0.132 0.139 0.365411
1 0.327833 0.188125 0.102333 0.14675 0.499619
1 0.532 0.224625 0.11 0.09525 0.516363
0 0.715167 0.229 0.170333 0.1135 0.524518
1 0.452667 0.705 0.138667 0.0805 0.630728
0 0.857667 0.559875 0.134667 0.13575 0.646161
1 0.717333 0.229 0.169333 0.112 0.683813
1 0.697333 0.812125 0.119333 0.13425 0.702246
0 0.328833 0.18475 0.103667 0.1445 0.762069
1 0.295167 0.806125 0.157 0.10575 0.763011
0 0.203 0.414125 0.228667 0.11325 0.769835
1 0.477333 0.56725 0.163333 0.0875 0.791178
0 0.398667 0.38225 0.109333 0.162 0.826324
1 0.619833 0.636875 0.091 0.10525 0.8991
1 0.526833 0.967375 0.141667 0.06375 0.905212
1 0.649833 0.473375 0.103 0.06125 0.921935
1 0.564 0.8345 0.126667 0.084 0.928156
