1 0.567167 0.350375 0.132333 0.12225 0.102069
1 0.340167 0.146625 0.0843333 0.16475 0.110762
0 0.669167 0.891625 0.108333 0.08925 0.114867
0 0.338833 0.183 0.0903333 0.0875 0.242943
0 0.683167 0.211625 0.196333 0.08475 0.292468
0 0.531833 0.31075 0.127 0.1775 0.38224
1 0.525667 0.0585 0.203333 0.0655 0.461641
1 0.686 0.209625 0.18 0.08625 0.618741
1 0.575667 0.62575 0.0826667 0.131 0.624111
1 0.576667 0.81275 0.151333 0.0605 0.716176
1 0.4205 0.8095 0.0856667 0.106 0.752104
0 0.313333 0.907 0.0766667 0.133 0.772119
1 0.413333 0.479375 0.162 0.05025 0.787985
1 0.3965 0.629875 0.0643333 0.10225 0.817833
0 0.504 0.944625 0.112 0.09725 0.838188
0 0.492833 0.277875 0.095 0.16075 0.877948
1 0.668333 0.888375 0.108667 0.09725 0.905704
1 0.677 0.56725 0.107333 0.076 0.906034
1 0.311167 0.586125 0.079 0.10375 0.93165
0 0.567 0.340625 0.139333 0.13625 0.93577
