1 0.809625 0.6245 0.14825 0.0643333 0.104436
0 0.734875 0.613167 0.12825 0.132333 0.126698
0 0.812 0.617333 0.1475 0.0706667 0.329461
0 0.67925 0.271 0.065 0.125333 0.33633
1 0.65375 0.112833 0.109 0.061 0.390652
1 0.67875 0.273833 0.065 0.131 0.457274
0 0.542 0.781667 0.126 0.138 0.459542
0 0.783125 0.2625 0.07225 0.128333 0.464017
1 0.5375 0.7755 0.1275 0.145667 0.516355
1 0.783625 0.258667 0.07275 0.129333 0.531786
1 0.460125 0.603833 0.03075 0.129 0.554414
2 0.460875 0.603333 0.03075 0.126667 0.564532
1 0.49675 0.0995 0.103 0.0643333 0.700168
1 0.225125 0.438833 0.06325 0.091 0.879367
1 0.394375 0.467833 0.08775 0.0636667 0.895314
0 0.5895 0.905833 0.106 0.174333 0.903359
0 0.55525 0.3295 0.093 0.142333 0.921437
0 0.65825 0.608667 0.0725 0.208667 0.926852
1 0.26075 0.593333 0.0795 0.151333 0.94269
1 0.290375 0.302333 0.09125 0.121333 0.968236
