1 0.115833 0.6155 0.191667 0.064 0.150253
1 0.417833 0.382375 0.121667 0.04025 0.215228
0 0.141167 0.74625 0.195 0.0695 0.260202
1 0.825167 0.51925 0.145 0.038 0.278991
1 0.137333 0.748375 0.196 0.07675 0.355559
1 0.9205 0.60075 0.139667 0.0575 0.362887
1 0.395833 0.556625 0.129 0.03725 0.522979
1 0.3485 0.46475 0.123 0.074 0.697383
1 0.686 0.463875 0.066 0.11275 0.765688
0 0.302833 0.913125 0.157 0.12375 0.793901
1 0.264833 0.3635 0.147 0.0625 0.811219
1 0.914167 0.446875 0.119667 0.07425 0.816966
0 0.288833 0.69525 0.0843333 0.141 0.886175
1 0.707667 0.6125 0.102667 0.079 0.896711
1 0.5205 0.283125 0.0756667 0.11425 0.926744
0 0.466333 0.77475 0.082 0.15 0.928614
1 0.800833 0.31275 0.0796667 0.0845 0.929433
1 0.350667 0.2845 0.107333 0.05 0.951127
