1 0.751375 0.581 0.17125 0.166667 0.146949
1 0.353125 0.278167 0.07125 0.128333 0.157075
1 0.350875 0.419 0.10325 0.0586667 0.224142
1 0.745375 0.421833 0.11825 0.0776667 0.242789
0 0.72825 0.627833 0.1355 0.133667 0.331199
0 0.56125 0.6435 0.058 0.190333 0.458494
1 0.61425 0.204333 0.063 0.078 0.541511
0 0.792 0.8075 0.1365 0.134333 0.570115
1 0.722875 0.627 0.12425 0.136667 0.57915
0 0.4825 0.752833 0.0595 0.171667 0.654951
1 0.415375 0.549167 0.09525 0.0683333 0.708949
0 0.620375 0.867167 0.05575 0.208333 0.822397
1 0.496875 0.3915 0.08825 0.0863333 0.828919
1 0.669 0.293167 0.09 0.079 0.848182
1 0.7335 0.130667 0.071 0.136 0.864322
1 0.480375 0.265 0.08375 0.115333 0.892963
2 0.351 0.262333 0.0585 0.141333 0.937681
1 0.872875 0.280833 0.08225 0.0843333 0.944373
