1 0.463833 0.766625 0.143667 0.05675 0.144922
1 0.704 0.652875 0.107333 0.09175 0.251877
1 0.672 0.563625 0.138 0.03875 0.359616
1 0.595 0.786 0.0886667 0.056 0.408123
1 0.368333 0.876375 0.082 0.07825 0.636816
1 0.524667 0.936625 0.078 0.11775 0.65354
1 0.8545 0.543875 0.0676667 0.08625 0.661224
2 0.852 0.543 0.0713333 0.0875 0.744839
1 0.7565 0.455625 0.0876667 0.08025 0.779689
0 0.3565 0.307875 0.100333 0.13175 0.902292
0 0.175 0.371875 0.165333 0.11775 0.923242
0 0.428333 0.439125 0.138 0.12925 0.952078
1 0.288833 0.81375 0.103 0.075 0.958421
