1 0.383333 0.28125 0.101333 0.073 0.107657
1 0.914 0.444625 0.122 0.06575 0.122666
1 0.342333 0.301125 0.132667 0.05275 0.177092
1 0.395333 0.55825 0.141333 0.039 0.250103
0 0.709167 0.613875 0.106333 0.07475 0.334078
1 0.1195 0.612625 0.194333 0.06075 0.354754
1 0.709333 0.61425 0.104 0.076 0.380103
1 0.267667 0.3675 0.143333 0.0635 0.536777
1 0.137167 0.750125 0.188333 0.07725 0.578116
1 0.302 0.91125 0.15 0.122 0.588771
0 0.686667 0.46375 0.0646667 0.1125 0.621641
0 0.301833 0.910125 0.147667 0.11875 0.638857
1 0.687167 0.465625 0.067 0.11275 0.715179
1 0.7975 0.309625 0.0776667 0.07775 0.824172
1 0.520333 0.2835 0.0733333 0.1175 0.826798
0 0.29 0.694625 0.0793333 0.14375 0.888761
1 0.352333 0.283875 0.0966667 0.05325 0.920431
0 0.4665 0.773125 0.081 0.15175 0.927649
