1 0.5225 0.06175 0.201667 0.0645 0.114334
1 0.574333 0.626125 0.0893333 0.13575 0.115559
1 0.581667 0.8115 0.158 0.0645 0.124543
0 0.522833 0.059625 0.211 0.05975 0.231066
1 0.684667 0.206875 0.190667 0.07875 0.248542
0 0.686167 0.21 0.182333 0.079 0.295879
1 0.5525 0.8645 0.147 0.088 0.303902
0 0.313 0.906375 0.0826667 0.13175 0.442884
1 0.560833 0.335 0.141 0.147 0.454264
0 0.567833 0.336 0.147 0.14 0.45658
1 0.313 0.907 0.08 0.13 0.521444
2 0.671333 0.888375 0.102 0.09675 0.622926
0 0.494167 0.273625 0.091 0.15975 0.640566
1 0.672167 0.8895 0.104333 0.0955 0.814324
1 0.674667 0.56975 0.106667 0.074 0.845966
1 0.414167 0.476875 0.155 0.05375 0.869284
1 0.399333 0.628875 0.0626667 0.09975 0.876146
1 0.418333 0.809625 0.088 0.10875 0.902165
1 0.503333 0.944375 0.114 0.10175 0.909183
1 0.309833 0.58575 0.0763333 0.103 0.941673
