1 0.87275 0.281333 0.0785 0.0933333 0.101608
2 0.48425 0.753 0.0615 0.171333 0.161713
1 0.67025 0.291333 0.0865 0.0806667 0.165875
1 0.350875 0.421 0.09825 0.064 0.265875
2 0.4335 0.257 0.08 0.108 0.321252
1 0.616625 0.205333 0.05775 0.0726667 0.449736
1 0.478625 0.264333 0.08325 0.108667 0.498004
1 0.734125 0.126 0.07475 0.128 0.499281
1 0.485375 0.307833 0.08475 0.0943333 0.561422
2 0.478375 0.264 0.08225 0.111333 0.63655
0 0.484 0.75 0.0615 0.178667 0.685272
0 0.722 0.629 0.126 0.130667 0.780599
0 0.5605 0.6425 0.059 0.188333 0.812709
1 0.49575 0.391833 0.0895 0.089 0.827071
0 0.792125 0.8095 0.13025 0.121667 0.856735
0 0.62 0.865167 0.0545 0.210333 0.908757
2 0.35225 0.261 0.059 0.136667 0.960877
