1 0.880167 0.613875 0.107 0.14075 0.139233
2 0.452833 0.79 0.0436667 0.098 0.17656
1 0.452333 0.791125 0.046 0.09825 0.271808
1 0.286833 0.43325 0.144333 0.0625 0.33656
0 0.435833 0.94025 0.139667 0.0695 0.355221
1 0.7505 0.385625 0.199 0.05425 0.42966
1 0.1525 0.85225 0.114333 0.102 0.505327
1 0.2415 0.787125 0.131667 0.06525 0.542337
0 0.154 0.85225 0.112 0.1035 0.60342
1 0.702 0.503125 0.172667 0.08225 0.729555
1 0.249833 0.594625 0.129667 0.04325 0.760744
1 0.430333 0.64825 0.0913333 0.111 0.772442
1 0.357833 0.510625 0.118333 0.07675 0.779431
1 0.436167 0.937625 0.145667 0.06425 0.786756
1 0.215833 0.47125 0.139667 0.058 0.828683
1 0.332 0.388875 0.109333 0.05775 0.847952
1 0.512167 0.4165 0.0796667 0.1255 0.864026
