1 0.373125 0.351667 0.08475 0.170667 0.161874
0 0.354875 0.2025 0.11725 0.129 0.236469
1 0.3435 0.151167 0.1365 0.0816667 0.237467
1 0.674375 0.622667 0.10425 0.08 0.259321
1 0.37925 0.725 0.1015 0.0826667 0.325742
1 0.510875 0.113 0.11775 0.150667 0.336884
0 0.848375 0.547833 0.05975 0.179667 0.419452
0 0.75825 0.4485 0.066 0.135 0.504286
0 0.577875 0.129333 0.10575 0.16 0.571263
1 0.308625 0.644333 0.06525 0.110667 0.594262
0 0.51275 0.111833 0.1135 0.151 0.608157
1 0.364125 0.879167 0.06025 0.0956667 0.647879
1 0.4595 0.739833 0.098 0.099 0.687397
1 0.388375 0.5665 0.07725 0.0996667 0.702628
0 0.664 0.775833 0.0695 0.145667 0.862374
0 0.373375 0.343 0.08775 0.174 0.876793
0 0.565625 0.411667 0.11575 0.156667 0.889679
0 0.6355 0.144 0.077 0.186667 0.919043
