1 0.641 0.916833 0.1045 0.0516667 0.195779
0 0.309875 0.6825 0.13275 0.081 0.222747
1 0.612875 0.173167 0.09425 0.115 0.22936
0 0.609 0.589 0.1155 0.0953333 0.247761
1 0.60725 0.585333 0.1165 0.102667 0.411588
1 0.567375 0.382 0.08225 0.0666667 0.49798
0 0.567375 0.768167 0.10275 0.113 0.511511
0 0.478875 0.750667 0.11525 0.143333 0.586476
1 0.696125 0.3885 0.04975 0.141667 0.618957
0 0.40575 0.564 0.0505 0.178667 0.742655
0 0.793375 0.598 0.06175 0.146 0.854985
0 0.744125 0.7705 0.09525 0.130333 0.877775
0 0.26375 0.518167 0.0805 0.165667 0.899419
0 0.438875 0.740167 0.09875 0.173 0.917953
