1 0.1945 0.667125 0.103667 0.09925 0.280882
1 0.372333 0.469625 0.164 0.08725 0.285011
1 0.351 0.581875 0.130667 0.06925 0.310816
0 0.1975 0.669125 0.103 0.09975 0.345982
1 0.2785 0.776625 0.151667 0.05775 0.600851
0 0.139667 0.3855 0.0773333 0.1305 0.655626
1 0.763 0.621 0.0586667 0.0895 0.718765
1 0.740333 0.79275 0.086 0.096 0.7797
1 0.466167 0.85275 0.0963333 0.1115 0.784434
1 0.6555 0.459375 0.172333 0.08625 0.825545
1 0.551 0.26425 0.14 0.0785 0.841497
1 0.517333 0.383375 0.13 0.10875 0.870414
1 0.305333 0.3 0.150667 0.0925 0.905883
1 0.5925 0.595375 0.093 0.07025 0.912288
1 0.605 0.760125 0.0726667 0.10975 0.934062
