0 0.53925 0.779667 0.1105 0.139333 0.101938
0 0.734 0.610667 0.1175 0.116 0.1064
1 0.540625 0.776167 0.13175 0.150333 0.155505
1 0.809875 0.6225 0.14325 0.067 0.202647
1 0.4615 0.601667 0.032 0.131333 0.279283
1 0.75825 0.831167 0.175 0.0843333 0.287314
0 0.8145 0.618 0.144 0.0733333 0.466964
0 0.743875 0.263333 0.08425 0.127333 0.483972
1 0.396625 0.468833 0.08925 0.0636667 0.56953
1 0.228125 0.437333 0.06475 0.09 0.788798
0 0.78225 0.256 0.0765 0.133333 0.805296
0 0.58925 0.902833 0.1095 0.171 0.894527
0 0.67875 0.270167 0.0675 0.131667 0.911138
1 0.290875 0.3025 0.09025 0.122333 0.922763
0 0.6575 0.603167 0.072 0.205 0.930739
0 0.555125 0.328 0.09375 0.140667 0.936966
1 0.262125 0.594833 0.07675 0.147667 0.961739
