1 0.714333 0.2335 0.170667 0.1145 0.162874
1 0.522167 0.21425 0.0956667 0.0825 0.199483
1 0.2955 0.806125 0.159667 0.10425 0.205189
1 0.464333 0.636875 0.146 0.07475 0.218108
0 0.3275 0.18225 0.103667 0.144 0.324538
1 0.312 0.929375 0.177333 0.05525 0.333934
0 0.694667 0.811625 0.120667 0.13725 0.450175
1 0.530333 0.9695 0.148667 0.0595 0.6121
0 0.716 0.23125 0.168667 0.1115 0.723081
1 0.695167 0.81175 0.118333 0.133 0.754123
0 0.202833 0.41325 0.227667 0.1115 0.754355
0 0.400833 0.38025 0.106333 0.163 0.758173
1 0.858 0.5595 0.124667 0.1415 0.82461
1 0.4525 0.704375 0.130333 0.08375 0.836069
1 0.647333 0.473875 0.103333 0.06075 0.876114
1 0.563167 0.837625 0.121667 0.08225 0.893814
1 0.480333 0.566875 0.16 0.08525 0.905984
1 0.621833 0.636875 0.0896667 0.10675 0.92254
