0 0.639875 0.9165 0.09725 0.051
2 0.2655 0.518667 0.0845 0.166
1 0.5985 0.630667 0.1185 0.121333
0 0.503125 0.760333 0.13375 0.154667
2 0.794625 0.596667 0.06475 0.146667
1 0.7415 0.771 0.093 0.134
1 0.3095 0.685167 0.137 0.0896667
1 0.639125 0.9155 0.10225 0.057
0 0.613 0.591333 0.1185 0.102
1 0.695125 0.388167 0.05175 0.130333
1 0.557875 0.778167 0.11925 0.127667
0 0.741375 0.771833 0.09325 0.130333
1 0.40425 0.5605 0.0525 0.183
1 0.437875 0.739333 0.09625 0.166
1 0.791875 0.5995 0.06625 0.152333
2 0.739375 0.7715 0.08925 0.133
1 0.772875 0.309667 0.09675 0.08
0 0.404 0.564333 0.0555 0.183333
0 0.79375 0.597833 0.062 0.145
0 0.564 0.778833 0.1035 0.123
1 0.26125 0.517333 0.0835 0.164
1 0.343375 0.359167 0.11375 0.120333
0 0.26425 0.517667 0.0835 0.166
1 0.56625 0.383333 0.085 0.072
1 0.507875 0.266667 0.06175 0.08
1 0.611625 0.587167 0.11275 0.110333
1 0.614125 0.173167 0.09425 0.115667
0 0.43875 0.742667 0.0995 0.173333
