0 0.755833 0.388 0.200333 0.051
1 0.456833 0.786 0.0456667 0.1015
1 0.7455 0.3835 0.213667 0.06
0 0.243667 0.789625 0.13 0.06975
1 0.593 0.6015 0.142 0.1115
0 0.879333 0.610125 0.11 0.13825
0 0.705 0.503125 0.172667 0.07025
0 0.720667 0.695375 0.158 0.09975
1 0.432667 0.64875 0.0886667 0.11
0 0.510833 0.4145 0.077 0.128
0 0.453333 0.791375 0.0466667 0.10125
0 0.5985 0.603375 0.163 0.11075
1 0.244333 0.790625 0.13 0.07725
1 0.7035 0.49875 0.167667 0.0815
1 0.248333 0.594375 0.129333 0.05025
0 0.4305 0.648375 0.0876667 0.11275
1 0.880667 0.61075 0.114 0.1385
0 0.438167 0.938875 0.145667 0.06625
1 0.212167 0.471875 0.151 0.04775
1 0.724167 0.694375 0.153667 0.10075
1 0.514 0.416875 0.0746667 0.12575
1 0.158333 0.8465 0.128667 0.1035
1 0.358833 0.510875 0.113667 0.07425
1 0.438333 0.93525 0.146 0.0715
0 0.1505 0.852875 0.110333 0.10175
1 0.330667 0.390625 0.104667 0.05625
