0 0.540667 0.229875 0.12 0.12675
0 0.636 0.23225 0.202667 0.1135
1 0.309833 0.93 0.190333 0.0485
0 0.634667 0.82925 0.141333 0.096
0 0.475 0.5685 0.160667 0.082
2 0.3125 0.16175 0.071 0.0875
1 0.311167 0.16125 0.0703333 0.0885
1 0.21 0.4185 0.235333 0.107
0 0.529667 0.970875 0.147333 0.05475
0 0.618167 0.63825 0.089 0.1015
1 0.325667 0.1875 0.106 0.145
1 0.8575 0.55875 0.134333 0.146
0 0.2945 0.805 0.159 0.0985
0 0.324833 0.1845 0.097 0.1465
1 0.535 0.234 0.124 0.119
1 0.698333 0.807375 0.114667 0.13025
1 0.298333 0.805625 0.154 0.10375
0 0.564 0.83675 0.120667 0.0865
1 0.718 0.232875 0.16 0.10975
1 0.5635 0.836375 0.135667 0.08225
1 0.453 0.70225 0.14 0.0795
1 0.620833 0.637375 0.0903333 0.10625
1 0.524167 0.968125 0.157667 0.06375
0 0.718 0.231875 0.158 0.10675
1 0.483833 0.566125 0.159 0.08025
0 0.694833 0.81275 0.114333 0.1335
0 0.2045 0.414625 0.220333 0.10275
1 0.649667 0.472625 0.107333 0.06125
0 0.858 0.556625 0.127333 0.13875
0 0.400333 0.382 0.107333 0.163
