1 0.725625 0.475 0.12375 0.056
1 0.75675 0.434333 0.1765 0.0786667
1 0.617375 0.865333 0.05625 0.212
1 0.74375 0.419833 0.113 0.0676667
1 0.353 0.263333 0.057 0.141333
1 0.351625 0.418 0.09625 0.0553333
1 0.718875 0.632333 0.12475 0.140667
2 0.35375 0.263333 0.057 0.142
1 0.488 0.745 0.065 0.171333
1 0.415 0.546667 0.0955 0.0666667
1 0.55675 0.6455 0.059 0.194333
1 0.478125 0.264333 0.07925 0.111333
1 0.7835 0.811667 0.131 0.126
0 0.72275 0.635167 0.129 0.129667
1 0.494875 0.3895 0.08625 0.0843333
0 0.48325 0.752333 0.0575 0.174
1 0.6145 0.207833 0.0575 0.0796667
1 0.67075 0.2875 0.086 0.0776667
0 0.785625 0.810333 0.12675 0.12
0 0.55775 0.644167 0.058 0.191
1 0.73225 0.13 0.0715 0.128667
0 0.621125 0.867333 0.05575 0.212667
1 0.87425 0.280667 0.0795 0.084
