1 0.495167 0.317125 0.139667 0.09525
1 0.142167 0.54225 0.160333 0.052
1 0.371333 0.34875 0.174 0.102
1 0.601 0.443125 0.168667 0.09975
1 0.558 0.41575 0.155333 0.105
2 0.465833 0.851 0.087 0.102
0 0.550333 0.264125 0.15 0.07825
1 0.137 0.384125 0.084 0.13725
1 0.757833 0.622875 0.0663333 0.09125
1 0.347 0.670625 0.130667 0.03425
0 0.6565 0.45875 0.177 0.0815
1 0.279833 0.77275 0.148333 0.0525
1 0.373667 0.464375 0.16 0.09025
1 0.471167 0.85075 0.0983333 0.1145
0 0.1955 0.668 0.106333 0.0995
0 0.140167 0.38575 0.079 0.132
1 0.741333 0.7905 0.0833333 0.084
0 0.305 0.299 0.161333 0.0925
1 0.351333 0.58275 0.134667 0.0715
1 0.197833 0.666 0.101 0.099
1 0.302833 0.3025 0.153 0.097
1 0.521 0.388 0.137333 0.115
1 0.654667 0.45925 0.172667 0.0905
1 0.5525 0.263375 0.137 0.07975
1 0.601667 0.758625 0.078 0.10725
1 0.594 0.5955 0.0933333 0.067
0 0.521667 0.381125 0.126667 0.11225
