0 0.347375 0.153 0.14175 0.0766667
1 0.395625 0.687 0.13175 0.086
1 0.38275 0.721 0.1225 0.0766667
0 0.850375 0.549 0.06375 0.19
2 0.3045 0.645667 0.0675 0.106667
1 0.342375 0.147833 0.13625 0.105
0 0.385125 0.568 0.07375 0.0953333
1 0.50725 0.167667 0.1305 0.148667
0 0.676375 0.624667 0.10025 0.0833333
1 0.815 0.714667 0.107 0.0606667
1 0.84575 0.543 0.0655 0.18
1 0.37325 0.345 0.0925 0.180667
1 0.435125 0.732333 0.13925 0.1
1 0.665 0.772833 0.069 0.143
1 0.675125 0.623167 0.10875 0.087
1 0.634625 0.144 0.07725 0.191333
0 0.75775 0.4605 0.0675 0.161
1 0.364875 0.885667 0.06325 0.0986667
0 0.485125 0.274667 0.12925 0.118
1 0.299375 0.651833 0.07475 0.122333
1 0.756 0.4605 0.07 0.168333
1 0.51 0.110667 0.111 0.156667
0 0.512625 0.112167 0.11475 0.149667
1 0.56375 0.414667 0.112 0.156667
1 0.479875 0.277 0.12925 0.128667
0 0.664125 0.777 0.06925 0.15
0 0.63425 0.145667 0.075 0.188667
1 0.38825 0.563167 0.0755 0.0896667
0 0.567125 0.4145 0.11675 0.154333
0 0.372875 0.3465 0.08825 0.177
