1 0.605 0.846375 0.155333 0.08625
1 0.490333 0.273625 0.0873333 0.15475
1 0.646833 0.59125 0.123 0.11
1 0.5245 0.058125 0.217 0.05825
0 0.537833 0.30425 0.129667 0.164
0 0.341 0.14325 0.0806667 0.1535
1 0.573 0.6235 0.0713333 0.1335
2 0.497667 0.94475 0.112667 0.108
0 0.671167 0.889 0.107 0.0915
0 0.420667 0.808 0.084 0.106
0 0.5205 0.057375 0.180333 0.07375
1 0.315667 0.9035 0.0853333 0.128
2 0.668167 0.88675 0.111667 0.1
1 0.689333 0.209375 0.179333 0.09225
1 0.503 0.94225 0.115333 0.104
0 0.693 0.212875 0.18 0.07925
1 0.564167 0.335375 0.143 0.13575
1 0.574 0.809125 0.154 0.06575
1 0.422333 0.808875 0.0893333 0.10625
1 0.671667 0.887375 0.106667 0.09725
1 0.398 0.630125 0.0633333 0.09925
0 0.312833 0.90725 0.079 0.126
1 0.677667 0.56875 0.101333 0.069
0 0.493 0.276625 0.0933333 0.15475
1 0.411667 0.4765 0.156667 0.0505
1 0.3095 0.586 0.077 0.0985
0 0.503167 0.945625 0.118333 0.10225
0 0.568667 0.33875 0.140667 0.138
