0 0.25 0.622625 0.074 0.13875
1 0.186333 0.536375 0.165333 0.08325
2 0.362 0.302875 0.0893333 0.11375
1 0.370167 0.877125 0.0796667 0.07925
1 0.525333 0.939625 0.0726667 0.12075
0 0.360167 0.304875 0.0963333 0.13275
1 0.6725 0.564125 0.135667 0.03975
2 0.428667 0.442625 0.138 0.12825
1 0.755333 0.457625 0.088 0.08175
1 0.426 0.443 0.136667 0.129
1 0.703 0.65375 0.105333 0.089
1 0.9135 0.629875 0.141667 0.04975
2 0.853167 0.54425 0.071 0.0915
1 0.594 0.78525 0.0786667 0.0575
1 0.8515 0.545375 0.073 0.08875
1 0.167 0.375875 0.162 0.12225
1 0.3595 0.308625 0.099 0.13525
2 0.756833 0.45625 0.083 0.0825
0 0.173333 0.37675 0.154667 0.1145
1 0.465833 0.76625 0.141667 0.0495
1 0.290667 0.8165 0.106 0.075
0 0.427833 0.4415 0.135667 0.1265
