0 0.7835 0.261833 0.077 0.129667
1 0.5865 0.8355 0.139 0.151
0 0.6785 0.273167 0.066 0.127667
0 0.76125 0.828667 0.171 0.0913333
1 0.808875 0.616167 0.12675 0.0843333
1 0.65475 0.108833 0.1025 0.059
1 0.462875 0.601833 0.02975 0.133667
1 0.76275 0.828667 0.1605 0.0993333
0 0.5515 0.830333 0.121 0.175333
0 0.81475 0.615833 0.14 0.071
1 0.65775 0.600167 0.0665 0.199667
0 0.537875 0.7785 0.12625 0.147
1 0.5395 0.774333 0.13 0.146667
1 0.587 0.902667 0.107 0.16
1 0.678875 0.275333 0.06625 0.13
1 0.784875 0.259 0.07225 0.133333
1 0.49375 0.100667 0.1065 0.068
1 0.551125 0.324667 0.09575 0.142
1 0.3975 0.464833 0.0895 0.0663333
1 0.226 0.44 0.0655 0.084
0 0.65775 0.606 0.0715 0.199333
1 0.2615 0.590667 0.076 0.145333
1 0.28975 0.305 0.0865 0.112
0 0.554875 0.330833 0.09025 0.138333
0 0.590375 0.906167 0.10275 0.169
