1 0.822833 0.52025 0.134333 0.035
0 0.6855 0.463375 0.0643333 0.11325
1 0.918 0.599625 0.152667 0.04375
1 0.141333 0.750625 0.188 0.08125
1 0.395667 0.556 0.130667 0.0405
1 0.285333 0.692625 0.0853333 0.13625
1 0.464667 0.770875 0.08 0.15575
1 0.2995 0.912625 0.161 0.12625
1 0.417667 0.379125 0.114 0.05725
1 0.1145 0.610125 0.171667 0.06375
0 0.139333 0.7515 0.199333 0.0805
2 0.797167 0.31225 0.071 0.078
2 0.709667 0.6135 0.100667 0.0785
1 0.351667 0.46275 0.124667 0.0625
1 0.688167 0.462875 0.063 0.11125
1 0.267333 0.36925 0.143333 0.05
1 0.7085 0.614 0.101667 0.077
1 0.9165 0.448875 0.109667 0.07225
1 0.7995 0.313375 0.081 0.08325
1 0.522333 0.283 0.0753333 0.115
0 0.301 0.9115 0.156 0.1235
0 0.291333 0.693625 0.0806667 0.14225
0 0.467833 0.77225 0.0856667 0.1495
1 0.352 0.284875 0.101333 0.05175
