1 0.811 0.621833 0.1415 0.073 0.115664
1 0.53975 0.7685 0.128 0.145667 0.148329
1 0.7605 0.833833 0.1715 0.087 0.242304
1 0.45975 0.602833 0.0355 0.131667 0.35038
1 0.554125 0.330333 0.08625 0.134667 0.600435
1 0.498875 0.097 0.10525 0.072 0.637093
1 0.784125 0.255833 0.07275 0.133 0.662613
1 0.657 0.112 0.1075 0.064 0.693498
0 0.58925 0.903667 0.1075 0.165333 0.728745
1 0.68 0.269167 0.0655 0.125667 0.742946
0 0.657625 0.608333 0.07025 0.196667 0.807049
1 0.393375 0.466667 0.09025 0.07 0.825958
1 0.228625 0.439167 0.06075 0.0876667 0.844889
1 0.262625 0.593333 0.07475 0.15 0.911433
1 0.29075 0.301833 0.0875 0.121 0.925486
