1 0.673667 0.562625 0.143333 0.03975 0.160719
1 0.755667 0.456 0.086 0.0795 0.277078
1 0.704667 0.651 0.103333 0.0985 0.302162
0 0.357833 0.304375 0.101667 0.12675 0.405032
2 0.754833 0.4565 0.0863333 0.08 0.414319
1 0.596 0.783625 0.0826667 0.05575 0.495192
1 0.371333 0.8765 0.074 0.075 0.498436
1 0.465833 0.760375 0.150333 0.04925 0.614914
2 0.358667 0.30575 0.0846667 0.121 0.644573
1 0.852333 0.54375 0.0673333 0.089 0.663347
1 0.524667 0.93625 0.0746667 0.1125 0.683552
0 0.174 0.373875 0.162 0.11875 0.868813
1 0.2895 0.8125 0.103667 0.0735 0.895341
0 0.425667 0.44275 0.136 0.1235 0.902522
