1 0.739875 0.421667 0.10025 0.0666667 0.125622
1 0.734375 0.619333 0.13175 0.121333 0.315346
1 0.352375 0.415333 0.09525 0.058 0.443406
1 0.612875 0.205167 0.06125 0.073 0.524799
1 0.49675 0.389833 0.0835 0.0803333 0.552419
1 0.413625 0.546833 0.09225 0.071 0.581496
0 0.791125 0.8055 0.13475 0.131 0.652374
0 0.55825 0.644333 0.0585 0.182667 0.676514
1 0.478875 0.263167 0.07825 0.108333 0.73561
1 0.668625 0.290833 0.08275 0.0803333 0.775325
0 0.619875 0.866667 0.05475 0.209333 0.793991
2 0.350625 0.261 0.05775 0.136667 0.795116
1 0.872375 0.2795 0.07825 0.0876667 0.808514
1 0.733125 0.13 0.07225 0.126 0.825908
0 0.723875 0.629 0.12275 0.133333 0.828874
0 0.48425 0.753833 0.0585 0.166333 0.850308
