1 0.5355 0.89275 0.139667 0.081 0.166308
1 0.576 0.812125 0.15 0.06625 0.226883
1 0.520333 0.06075 0.220667 0.067 0.279029
1 0.568 0.621 0.0706667 0.121 0.282908
1 0.69 0.208875 0.181333 0.07475 0.352342
0 0.5665 0.33975 0.141667 0.133 0.571848
1 0.416167 0.809625 0.0803333 0.10325 0.590364
0 0.4945 0.27725 0.0883333 0.157 0.596785
0 0.3155 0.907625 0.0756667 0.12175 0.605831
1 0.413333 0.4775 0.168667 0.055 0.725842
1 0.3975 0.628 0.0596667 0.0955 0.771
1 0.670167 0.88725 0.104333 0.0955 0.775418
1 0.678 0.573125 0.102 0.07025 0.807933
0 0.502667 0.944125 0.123333 0.10425 0.861971
1 0.312167 0.589 0.075 0.1015 0.87301
