2 0.567125 0.411333 0.11125 0.142667 0.105337
1 0.844875 0.541833 0.05875 0.179667 0.122121
1 0.365125 0.879333 0.05525 0.0846667 0.134098
0 0.757875 0.456167 0.06475 0.144333 0.13759
2 0.844875 0.5465 0.05625 0.179667 0.141838
1 0.75825 0.457 0.065 0.144667 0.175432
1 0.358625 0.2295 0.10475 0.126333 0.177236
1 0.67425 0.628 0.103 0.0846667 0.207262
1 0.48175 0.2755 0.1285 0.108333 0.215173
1 0.464125 0.739833 0.07675 0.0963333 0.222508
0 0.563375 0.410167 0.11425 0.151667 0.232897
2 0.75775 0.454833 0.063 0.135 0.251291
1 0.344625 0.147667 0.14225 0.082 0.296439
1 0.384625 0.564667 0.06975 0.094 0.328273
2 0.59425 0.127167 0.099 0.159667 0.406746
1 0.562625 0.409167 0.11575 0.153 0.496656
2 0.635375 0.142833 0.07525 0.173667 0.506246
1 0.3025 0.6495 0.0735 0.111 0.72109
1 0.511 0.108333 0.111 0.150667 0.735179
0 0.6645 0.7775 0.0675 0.144333 0.749832
0 0.3725 0.345167 0.088 0.161 0.871469
