1 0.7215 0.691125 0.161 0.09775 0.145506
1 0.431167 0.647875 0.091 0.10775 0.161613
0 0.603167 0.6005 0.163 0.1105 0.189018
1 0.245333 0.59575 0.129333 0.047 0.214066
0 0.4535 0.792 0.0476667 0.0985 0.235767
0 0.872167 0.60975 0.103667 0.135 0.246121
1 0.244333 0.7885 0.131333 0.064 0.247129
0 0.4425 0.937125 0.128333 0.07225 0.304069
1 0.599 0.601625 0.152667 0.10525 0.321389
1 0.7035 0.50125 0.172333 0.074 0.516369
1 0.745833 0.381875 0.200333 0.06475 0.517161
0 0.429667 0.648125 0.09 0.10975 0.567344
1 0.215833 0.469375 0.151667 0.06075 0.656929
1 0.511667 0.415625 0.072 0.11725 0.66619
1 0.441167 0.936375 0.143 0.07025 0.780676
1 0.331 0.39 0.1 0.061 0.862125
1 0.357833 0.508625 0.109667 0.07175 0.870679
0 0.152667 0.852125 0.114 0.10225 0.905645
