0 0.49075 0.757 0.108 0.136 0.192246
1 0.405625 0.564167 0.05175 0.174333 0.212766
0 0.405125 0.563 0.05375 0.179333 0.261229
1 0.6385 0.913167 0.1025 0.0623333 0.267997
2 0.74175 0.772667 0.092 0.126667 0.328976
1 0.792875 0.600833 0.06225 0.147 0.417133
1 0.566625 0.7735 0.10325 0.117667 0.443986
2 0.792875 0.598333 0.05975 0.141333 0.463945
0 0.439125 0.7445 0.09275 0.167667 0.53796
1 0.694875 0.390667 0.04925 0.140667 0.608864
1 0.507875 0.265833 0.06025 0.077 0.67212
1 0.565875 0.384833 0.08475 0.0736667 0.676956
1 0.772875 0.3105 0.09425 0.0796667 0.691477
0 0.26325 0.517833 0.0835 0.161667 0.714181
0 0.73925 0.771 0.0925 0.130667 0.72209
1 0.612375 0.5855 0.10725 0.0956667 0.734584
1 0.343625 0.3555 0.11325 0.125 0.789834
1 0.6125 0.166167 0.0925 0.112333 0.843745
