1 0.364667 0.46625 0.15 0.083 0.156271
1 0.304 0.300625 0.146 0.08875 0.260934
1 0.534667 0.347375 0.129333 0.09475 0.361638
1 0.280333 0.773125 0.154 0.06325 0.397022
1 0.518 0.38275 0.123333 0.1065 0.500926
0 0.5215 0.384125 0.125 0.10825 0.511698
0 0.195833 0.66675 0.101 0.0965 0.642062
1 0.4625 0.851375 0.085 0.10725 0.660988
1 0.739 0.791875 0.0913333 0.08775 0.663544
0 0.301333 0.30075 0.154667 0.09 0.69477
1 0.352 0.581875 0.124667 0.07175 0.742477
1 0.5535 0.265375 0.139667 0.07825 0.748663
1 0.655833 0.4595 0.168333 0.0865 0.766973
0 0.139333 0.38475 0.0786667 0.127 0.777671
1 0.601333 0.759125 0.074 0.11525 0.809879
1 0.591667 0.597875 0.0873333 0.07475 0.862964
