0 0.1995 0.412125 0.242333 0.11675 0.152216
2 0.310167 0.159 0.0676667 0.082 0.214107
1 0.854833 0.561 0.123 0.1365 0.22155
1 0.295833 0.802875 0.157 0.10075 0.313819
1 0.463833 0.6625 0.147 0.071 0.32156
1 0.716 0.227375 0.166 0.10725 0.337097
1 0.694333 0.81075 0.116 0.135 0.339439
0 0.695667 0.807625 0.116667 0.13325 0.391919
0 0.3135 0.16775 0.0763333 0.0985 0.443877
0 0.855667 0.560875 0.12 0.14075 0.521116
1 0.525667 0.214875 0.0926667 0.07725 0.556198
1 0.532667 0.97075 0.143333 0.057 0.560999
0 0.7195 0.229 0.160333 0.1055 0.648058
1 0.481 0.568875 0.166 0.08525 0.671235
1 0.5615 0.834 0.125 0.086 0.706295
1 0.649333 0.47225 0.0966667 0.061 0.77375
1 0.45 0.702 0.134 0.0875 0.830101
1 0.622333 0.6385 0.0853333 0.103 0.864822
0 0.3985 0.381375 0.108333 0.16325 0.882769
