1 0.921167 0.59925 0.141667 0.055 0.103463
1 0.132833 0.747 0.190333 0.0815 0.143155
1 0.804667 0.331 0.0626667 0.0415 0.144296
1 0.3935 0.559125 0.126333 0.04175 0.179617
1 0.911 0.445 0.102667 0.0625 0.243335
1 0.4185 0.381875 0.108333 0.05325 0.31997
2 0.794333 0.307875 0.0633333 0.06475 0.596001
0 0.2895 0.6945 0.077 0.1355 0.630705
1 0.350667 0.4675 0.114 0.075 0.682231
0 0.296333 0.9105 0.149333 0.128 0.697203
1 0.709667 0.61375 0.102667 0.0815 0.708608
1 0.797 0.31 0.0706667 0.075 0.720928
1 0.685667 0.46425 0.0653333 0.1065 0.76703
1 0.263833 0.36425 0.143 0.0705 0.785732
1 0.521167 0.284 0.0736667 0.118 0.829212
0 0.467333 0.775 0.0813333 0.1495 0.87629
1 0.352167 0.28525 0.0996667 0.0555 0.884073
