1 0.420833 0.809625 0.083 0.10325 0.163577
0 0.565167 0.83125 0.163667 0.082 0.2345
0 0.339167 0.140875 0.0743333 0.15975 0.33085
1 0.669333 0.890125 0.109333 0.09375 0.33708
1 0.576167 0.623 0.0783333 0.13 0.372078
1 0.688333 0.209 0.188 0.0835 0.396881
1 0.578833 0.810625 0.155 0.06075 0.491096
0 0.671167 0.889 0.107 0.0915 0.525257
0 0.420667 0.808 0.084 0.106 0.534561
0 0.5205 0.057375 0.180333 0.07375 0.549131
0 0.532833 0.312875 0.129667 0.17525 0.596318
0 0.693 0.212875 0.18 0.07925 0.659452
1 0.4125 0.476625 0.150333 0.06025 0.688084
1 0.398 0.630125 0.0633333 0.09925 0.806584
0 0.312833 0.90725 0.079 0.126 0.865413
1 0.677667 0.56875 0.101333 0.069 0.86864
0 0.493 0.276625 0.0933333 0.15475 0.887177
1 0.3095 0.586 0.077 0.0985 0.922203
0 0.503167 0.945625 0.118333 0.10225 0.937538
0 0.568667 0.33875 0.140667 0.138 0.950176
