0 0.1155 0.61675 0.193 0.0615 0.101025
1 0.119833 0.617125 0.177 0.05125 0.124657
1 0.3345 0.321125 0.136333 0.05525 0.213761
1 0.822833 0.52025 0.134333 0.035 0.217607
1 0.140333 0.753125 0.189333 0.08175 0.339047
0 0.6855 0.463375 0.0643333 0.11325 0.35121
1 0.918 0.599625 0.152667 0.04375 0.361898
1 0.395667 0.556 0.130667 0.0405 0.431098
1 0.685 0.463875 0.0673333 0.11175 0.435568
1 0.417667 0.379125 0.114 0.05725 0.623229
0 0.139333 0.7515 0.199333 0.0805 0.629809
1 0.348667 0.467125 0.117333 0.06625 0.630915
2 0.797167 0.31225 0.071 0.078 0.638921
1 0.797833 0.31425 0.0763333 0.0865 0.784305
1 0.267333 0.36925 0.143333 0.05 0.793145
1 0.7085 0.614 0.101667 0.077 0.803279
1 0.9165 0.448875 0.109667 0.07225 0.828076
0 0.301167 0.914625 0.157 0.12925 0.841084
1 0.521 0.283125 0.0746667 0.11525 0.86349
0 0.288 0.696125 0.0826667 0.14175 0.8976
0 0.465167 0.774625 0.083 0.14575 0.915984
1 0.352 0.284875 0.101333 0.05175 0.939956
