1 0.848 0.546667 0.0615 0.18 0.264187
1 0.81825 0.717833 0.118 0.0516667 0.29375
1 0.437375 0.7405 0.15325 0.102333 0.295222
1 0.482375 0.275 0.12775 0.118 0.306815
1 0.346375 0.151333 0.14075 0.0733333 0.353814
0 0.850375 0.549 0.06375 0.19 0.386299
2 0.3045 0.645667 0.0675 0.106667 0.391575
0 0.385125 0.568 0.07375 0.0953333 0.430111
0 0.676375 0.624667 0.10025 0.0833333 0.474608
0 0.3435 0.149667 0.1395 0.0833333 0.479538
1 0.387875 0.566167 0.07575 0.095 0.484419
1 0.676 0.6255 0.104 0.0896667 0.606919
1 0.364375 0.8845 0.06075 0.0976667 0.648185
0 0.56975 0.128 0.1135 0.164 0.681609
0 0.75775 0.4605 0.0675 0.161 0.693543
0 0.485125 0.274667 0.12925 0.118 0.745178
1 0.299375 0.651833 0.07475 0.122333 0.753542
0 0.512625 0.112167 0.11475 0.149667 0.864098
0 0.664125 0.777 0.06925 0.15 0.897615
0 0.63425 0.145667 0.075 0.188667 0.907078
0 0.567125 0.4145 0.11675 0.154333 0.925328
0 0.372875 0.3465 0.08825 0.177 0.935893
