1 0.460125 0.6015 0.03325 0.129667 0.192954
1 0.759625 0.832667 0.16725 0.0806667 0.248715
0 0.782375 0.26 0.07875 0.128667 0.257588
0 0.6785 0.273167 0.066 0.127667 0.311772
1 0.678875 0.2745 0.06525 0.124333 0.326638
0 0.752 0.264833 0.086 0.129 0.334202
1 0.81025 0.62 0.14 0.064 0.350404
0 0.76125 0.828667 0.171 0.0913333 0.365238
1 0.65475 0.108833 0.1025 0.059 0.433678
1 0.393625 0.4695 0.08775 0.0716667 0.542182
0 0.81475 0.615833 0.14 0.071 0.612248
0 0.537875 0.7785 0.12625 0.147 0.644377
1 0.496 0.100333 0.1025 0.0713333 0.707534
1 0.784375 0.2595 0.07725 0.129 0.709773
1 0.226 0.44 0.0655 0.084 0.874264
0 0.65775 0.606 0.0715 0.199333 0.913436
1 0.2615 0.590667 0.076 0.145333 0.915872
1 0.28975 0.305 0.0865 0.112 0.927238
0 0.554875 0.330833 0.09025 0.138333 0.93106
0 0.590375 0.906167 0.10275 0.169 0.946218
