1 0.430667 0.650875 0.0933333 0.10925 0.151836
1 0.440667 0.936125 0.153333 0.06575 0.151937
0 0.745833 0.390375 0.202333 0.05925 0.18707
1 0.287 0.454 0.151333 0.062 0.250276
1 0.745167 0.38575 0.197667 0.055 0.292001
1 0.7245 0.696 0.160333 0.105 0.293341
1 0.246333 0.787625 0.136 0.06325 0.384387
1 0.510667 0.41475 0.0766667 0.1255 0.464153
0 0.879333 0.610125 0.11 0.13825 0.475923
0 0.705 0.503125 0.172667 0.07025 0.528844
0 0.229833 0.796 0.133 0.0815 0.530382
0 0.720667 0.695375 0.158 0.09975 0.537256
0 0.510833 0.4145 0.077 0.128 0.580546
0 0.453333 0.791375 0.0466667 0.10125 0.587102
0 0.5985 0.603375 0.163 0.11075 0.616302
1 0.248333 0.594375 0.129333 0.05025 0.666237
0 0.4305 0.648375 0.0876667 0.11275 0.721588
0 0.186167 0.838875 0.129 0.10325 0.73158
0 0.438167 0.938875 0.145667 0.06625 0.740405
1 0.212167 0.471875 0.151 0.04775 0.755502
1 0.358833 0.510875 0.113667 0.07425 0.892794
0 0.1505 0.852875 0.110333 0.10175 0.908351
1 0.330667 0.390625 0.104667 0.05625 0.951501
