1 0.302333 0.300875 0.155333 0.08575 0.164522
1 0.136667 0.5455 0.187333 0.046 0.181043
1 0.3455 0.672625 0.134333 0.04325 0.247345
1 0.6515 0.4585 0.167 0.0805 0.263977
0 0.368833 0.469875 0.156333 0.08725 0.274018
1 0.549333 0.2655 0.145333 0.074 0.277717
1 0.3695 0.4665 0.155667 0.0865 0.309062
2 0.465833 0.851 0.087 0.102 0.440172
1 0.2775 0.77425 0.150333 0.051 0.475
0 0.549833 0.26575 0.145 0.078 0.523707
1 0.352 0.582 0.133333 0.065 0.658179
1 0.757833 0.622875 0.0663333 0.09125 0.675843
0 0.6565 0.45875 0.177 0.0815 0.68677
1 0.469333 0.85375 0.0973333 0.1115 0.742411
0 0.1955 0.668 0.106333 0.0995 0.801759
0 0.140167 0.38575 0.079 0.132 0.811701
1 0.741333 0.7905 0.0833333 0.084 0.811975
0 0.305 0.299 0.161333 0.0925 0.845911
1 0.599833 0.758625 0.0763333 0.11325 0.911148
1 0.590333 0.598125 0.09 0.06825 0.926919
0 0.521667 0.381125 0.126667 0.11225 0.931586
