1 0.353125 0.316833 0.07425 0.128333 0.180534
1 0.725625 0.475 0.12375 0.056 0.184581
1 0.725375 0.634833 0.12525 0.135667 0.239165
0 0.737 0.590667 0.1565 0.128667 0.265143
1 0.7435 0.419 0.1095 0.0673333 0.276991
1 0.351375 0.264 0.06075 0.141333 0.368817
1 0.788 0.813667 0.127 0.121333 0.401376
1 0.485125 0.3055 0.08325 0.105667 0.54173
1 0.351625 0.418 0.09625 0.0553333 0.681483
2 0.35075 0.264167 0.0595 0.143667 0.68323
1 0.415 0.546667 0.0955 0.0666667 0.729627
0 0.789875 0.812167 0.13075 0.123 0.742877
1 0.478125 0.264333 0.07925 0.111333 0.746193
0 0.72275 0.635167 0.129 0.129667 0.777099
1 0.668 0.291833 0.084 0.0823333 0.79457
1 0.494875 0.3895 0.08625 0.0843333 0.802578
0 0.48325 0.752333 0.0575 0.174 0.844095
1 0.6145 0.207833 0.0575 0.0796667 0.850303
0 0.55775 0.644167 0.058 0.191 0.874545
1 0.73225 0.13 0.0715 0.128667 0.902462
0 0.619125 0.868333 0.05575 0.205333 0.908973
1 0.87425 0.280667 0.0795 0.084 0.960202
