1 0.52375 0.287 0.073 0.0953333 0.119377
0 0.639875 0.9165 0.09725 0.051 0.166605
0 0.331875 0.696333 0.13975 0.1 0.206444
1 0.312625 0.688667 0.13225 0.0906667 0.484056
1 0.60875 0.590667 0.1195 0.111333 0.492379
1 0.639125 0.9155 0.10225 0.057 0.567904
0 0.613 0.591333 0.1185 0.102 0.612451
1 0.695125 0.388167 0.05175 0.130333 0.653684
0 0.496875 0.7585 0.12975 0.157 0.701089
0 0.741375 0.771833 0.09325 0.130333 0.729622
1 0.341125 0.360333 0.12325 0.124667 0.756769
1 0.77 0.310833 0.095 0.0796667 0.785825
0 0.404 0.564333 0.0555 0.183333 0.848413
0 0.79375 0.597833 0.062 0.145 0.855758
0 0.564 0.778833 0.1035 0.123 0.87369
0 0.26425 0.517667 0.0835 0.166 0.897761
1 0.56625 0.383333 0.085 0.072 0.898914
1 0.507875 0.266667 0.06175 0.08 0.900241
1 0.614125 0.173167 0.09425 0.115667 0.939101
0 0.43875 0.742667 0.0995 0.173333 0.960615
