0 0.25 0.622625 0.074 0.13875 0.106211
1 0.184167 0.516 0.174333 0.0435 0.189985
2 0.852333 0.544625 0.0673333 0.08975 0.238154
2 0.362 0.302875 0.0893333 0.11375 0.262091
1 0.9145 0.631625 0.139667 0.05025 0.268771
1 0.362167 0.30325 0.089 0.1135 0.301516
2 0.755833 0.45625 0.0876667 0.0795 0.360289
1 0.670833 0.563875 0.139667 0.03375 0.476636
1 0.370167 0.877125 0.0796667 0.07925 0.517645
1 0.525333 0.939625 0.0726667 0.12075 0.54815
0 0.360167 0.304875 0.0963333 0.13275 0.571469
1 0.755333 0.457625 0.088 0.08175 0.643543
1 0.703 0.65375 0.105333 0.089 0.670839
1 0.8525 0.545375 0.0716667 0.08825 0.743524
1 0.594 0.78525 0.0786667 0.0575 0.780536
0 0.173333 0.37675 0.154667 0.1145 0.88562
1 0.465833 0.76625 0.141667 0.0495 0.886912
1 0.290667 0.8165 0.106 0.075 0.9339
0 0.427833 0.4415 0.135667 0.1265 0.960003
