0 0.418 0.77175 0.170667 0.096 0.122663
0 0.544833 0.23325 0.125 0.1115 0.21984
1 0.563167 0.83525 0.124333 0.085 0.235051
1 0.532333 0.227625 0.109333 0.10475 0.253393
0 0.447167 0.70625 0.135667 0.0815 0.267508
0 0.475 0.5685 0.160667 0.082 0.323657
1 0.619167 0.63975 0.089 0.107 0.339303
1 0.479833 0.56875 0.165 0.089 0.385898
0 0.529667 0.970875 0.147333 0.05475 0.481889
1 0.527667 0.9675 0.140667 0.06 0.48444
0 0.618167 0.63825 0.089 0.1015 0.499318
0 0.2945 0.805 0.159 0.0985 0.615109
0 0.324833 0.1845 0.097 0.1465 0.627706
1 0.450333 0.70575 0.136 0.085 0.707778
0 0.564 0.83675 0.120667 0.0865 0.800067
1 0.646833 0.473 0.103 0.06 0.833145
0 0.718 0.231875 0.158 0.10675 0.861969
0 0.694833 0.81275 0.114333 0.1335 0.895288
0 0.2045 0.414625 0.220333 0.10275 0.900497
0 0.858 0.556625 0.127333 0.13875 0.915346
0 0.400333 0.382 0.107333 0.163 0.928971
